3.33968
     max: 3.96782e+06
    mean: 253691
  median: 232968
     min: 125776
first 20: 
2.22097e+06
453840
354780
333974
353374
317746
278000
272834
276692
272134
244028
249954
251412
275360
250252
249560
252472
244060
241946
244852
worst 20: 
3.96782e+06
3.94341e+06
3.71098e+06
3.41758e+06
3.37987e+06
3.28452e+06
3.07188e+06
3.03575e+06
3.03509e+06
2.98206e+06
2.82366e+06
2.80956e+06
2.79054e+06
2.68869e+06
2.67834e+06
2.62718e+06
2.60405e+06
2.59557e+06
2.58851e+06
fraction of trials greater than 10% of median = 0.114883

