num of trials = 500
	nprocs	bufsize		cycles
mpi_reduce
	10	1		33659
	10	100		72008
	10	100000		4.05862e+06
	10	1000000		3.65724e+07
loop_reduce
	10	1		41679
	10	100		89565
	10	100000		7.63644e+06
	10	1000000		8.70295e+07
mpi_reduce
	20	1		45625
	20	100		91967
	20	100000		5.09964e+06
	20	1e+06		3.82048e+07
loop_reduce
	20	1		56409
	20	100		119665
	20	100000		9.35476e+06
	20	1e+06		1.04603e+08
mpi_reduce
	50	1		71383
	50	100		138675
	50	100000		7.75147e+06
	50	1e+06		4.06081e+07
loop_reduce
	50	1		77400
	50	100		157912
	50	100000		1.20968e+07
	50	1e+06		1.2331e+08
mpi_reduce
	10	1		34025
	10	100		77875
	10	100000		3.66455e+06
	10	1e+06		2.9596e+07
loop_reduce
	10	1		42241
	10	100		90485
	10	100000		7.64175e+06
	10	1e+06		8.35781e+07
mpi_reduce
	10	1		28300
	10	100		61765
	10	100000		3.555e+06
	10	1e+06		2.93888e+07
loop_reduce
	10	1		42206
	10	100		90212
	10	100000		8.1826e+06
	10	1e+06		8.8027e+07
mpi_reduce
	10	1		38283
	10	100		73541
	10	100000		3.89964e+06
	10	1e+06		3.17246e+07
loop_reduce
	10	1		41741
	10	100		88635
	10	100000		8.11472e+06
	10	1e+06		9.30911e+07
mpi_reduce
	100	1		88967
	100	100		160508
	100	100000		8.08042e+06
	100	1e+06		5.10114e+07
loop_reduce
	100	1		96112
	100	100		190047
	100	100000		1.59189e+07
		9.23222e+07
	100	1e+06		1.50431e+08
