	     count inner = 10000
	     count outer = 10000
	 count [barrier] = 10000
28.8592



Table: overhead in cycles, 1 to 12 threads

28.8592

32.1944
49.872
28.8592
1417.2

521.84
1511.33
86.2514
15946.6

1319.14
1679.31
68.3597
15146.1

1879.52
2191.87
72.8713
16232.9

2010.77
2333.79
73.7732
18185.7

2204.19
2328.41
65.9573
17212.1

2668.41
2580.73
72.1824
16952.7

2653.49
2791.67
69.7031
18070.9

3239.09
3391.19
76.2591
17666.4

3232.82
3395.43
69.396
22699.1

3207.06
3266.32
73.0589
19189.6

3312.14
3227.56
69.4074
17887

