                      in cache
             32   3.2e+02  2.5e+02  2.3e+03 
             64   7.6e+02  5.6e+02  4.9e+03 
             80   1.1e+03  1.1e+03  -1.0e+00 
            168   2.9e+03  3.0e+03  -1.0e+00 
            192   2.9e+03  3.0e+03  -1.0e+00 
           1024   1.7e+04  1.7e+04  9.2e+04 
         131072   5.7e+06  5.7e+06  3.5e+07 
        1048576   6.7e+07  6.7e+07  6.0e+08 
                   cache flush
             32   7.4e+03  7.5e+03  9.4e+03 
             64   7.9e+03  8.4e+03  1.2e+04 
             80   8.6e+03  8.6e+03  -1.0e+00 
            168   1.1e+04  1.1e+04  -1.0e+00 
            192   1.2e+04  1.2e+04  -1.0e+00 
           1024   3.2e+04  3.2e+04  1.0e+05 
         131072   6.5e+06  6.5e+06  3.6e+07 
        1048576   6.7e+07  6.7e+07  6.0e+08 
                    sequential
             32   7.3e+02  3.5e+02  2.3e+03 
             64   1.7e+03  9.8e+02  4.9e+03 
             80   2.3e+03  1.5e+03  -1.0e+00 
            168   6.0e+03  4.2e+03  -1.0e+00 
            192   6.0e+03  4.0e+03  -1.0e+00 
           1024   3.3e+04  2.6e+04  9.6e+04 
         131072   7.9e+06  6.6e+06  3.8e+07 
        1048576   7.9e+07  6.8e+07  6.0e+08 
