num of trials = 500
	nprocs	bufsize		cycles
mpi_reduce
	10	1		33659
	10	100		72008
	10	100000		4.05862e+06
	10	1000000		3.65724e+07
loop_reduce
	10	1		41679
	10	100		89565
	10	100000		7.63644e+06
	10	1000000		8.70295e+07
mpi_reduce
	20	1		45625
	20	100		91967
	20	100000		5.09964e+06
	20	1e+06		3.82048e+07
loop_reduce
	20	1		56409
	20	100		119665
	20	100000		9.35476e+06
	20	1e+06		1.04603e+08
mpi_reduce
	50	1		71383
	50	100		138675
	50	100000		7.75147e+06
	50	1e+06		4.06081e+07
loop_reduce
	50	1		77400
	50	100		157912
	50	100000		1.20968e+07
	50	1e+06		1.2331e+08
mpi_reduce
	10	1		34025
	10	100		77875
	10	100000		3.66455e+06
	10	1e+06		2.9596e+07
loop_reduce
	10	1		42241
	10	100		90485
	10	100000		7.64175e+06
	10	1e+06		8.35781e+07
