  nprocs       M  N/nprocs       b/w  scopy%    mpi%  rcopy%
[new/delete]
      10   50000      5000     0.929   0.169   0.686   0.145
      20   50000      5000     0.807   0.151   0.719    0.13
      50   50000      5000     0.763   0.137   0.743    0.12
     100   50000      5000     0.815   0.141   0.723   0.136
      10   50000      5000     0.898   0.171   0.669    0.16
mvapich2:
      10   50000      5000     0.433   0.429   0.367   0.202
mvapich2:
      20   50000      5000     0.415   0.413   0.379    0.22
mvapich2 (new/delete):
      10   50000      5000     0.443   0.363   0.397   0.213
[MPI_Alloc/Free]
      10   50000      5000     0.903   0.214   0.631    0.16
      20   50000      5000     0.749    0.18   0.674   0.146
[new/delete]
      10   50000      5000     0.918   0.182   0.643   0.177
      20   50000      5000     0.775   0.147   0.717   0.136
