	n		write b/w		read b/w (GB/s)
	1000		0.00677491		0.0218419
	100000		0.0139713		0.0518972
	1e+07		0.0138092		0.0515291
	1000		0.00572451		0.0203856
	100000		0.013484		0.0517784
	1e+07		0.0143606		0.0512268
	1000		0.00581338		0.0134132
	250000		0.013463		0.0517501
	2.5e+07		0.0138782		0.0511505
	250		0.00531743		0.0180636
	2.5e+06		0.0144136		0.0516414
	250		0.00516251		0.0179852
	25000		0.0113442		0.0515998
	250000		0.014054		0.0516104

FLUSH_COUNT = 1
	250		0.0052367		0.0180421

FLUSH_COUNT = 1
	25000		0.0118526		0.0515462

FLUSH_COUNT = 1
	1.25e+06		0.0144602		0.0516731

FLUSH_COUNT = 5
	250		0.025549		0.00201327

FLUSH_COUNT = 5
	25000		0.061748		0.258278

FLUSH_COUNT = 5
	1.25e+06		0.0701673		0.257394

FLUSH_COUNT = 10
	250		0.0528909		0.179529

FLUSH_COUNT = 10
	25000		0.111343		0.516052

FLUSH_COUNT = 10
	1.25e+06		0.144602		0.516496
