	n		write b/w		read b/w (GB/s)
	1000		0.0839346		0.341734
	1e+06		1.83517			2.45726
	1e+09		0.160055		0.107637
	1000		0.143651		0.784993
	1e+06		1.7196			2.07547
	1e+09		0.135671		0.104087
	1000		0.0875533		0.331432
	2.5e+06		1.81935			2.34165
	250		0.0238707		0.102053
	2.5e+06		1.68229			1.99806
	1.25e+09	0.14638			0.0662499

FLUSH_COUNT = 1
	250		0.0232577		0.100705

FLUSH_COUNT = 1
	5e+06		1.87535		2.31528

FLUSH_COUNT = 1
	1.25e+09		0.122486		0.0532868

FLUSH_COUNT = 5
	250		0.152332		1.02918

FLUSH_COUNT = 5
	5e+06		2.01216		3.69016

FLUSH_COUNT = 5
	1.25e+09		0.124374		0.0972491

FLUSH_COUNT = 10
	250		0.302213		1.5014

FLUSH_COUNT = 10
	5e+06		2.11171		4.04816

FLUSH_COUNT = 10
	1.25e+09		0.112704		0.102223
